00000000000000000000000000000000000000000000000000000000000000000000000000000000
00000000000000000000000000000000000000000000000000000000000000000000000100000000
00000001000000000000000000100000000000000000000000000000000000000000001010000000
00000010100000000000000001010000000000000000000000000011000000000000000100000000
00000001000000000000000000100000000000000000000000000100100000000000000000000000
00000000000000000000000000000000000000000000000000000011000000000000000000000000
00000000000000000000000000000000000000000000000000000000000000000000000000000000
00000000000000000000000000000000000000000000000000000000000000000000000000000000
00000000000000100000000000000000000000000000000000000000000000000000000000000000
00000000000010001000000000000000000000000000000000000000000000000000000000000000
00000000000000000100000000000000000000000000000000000000000000000000000000000000
00000000000010000100000000000000000000000000000000000000000000000000000000000000
00000000000001111100000000000000000000000000000000000000000000000000000000000000
00000000000000000000000000000000000000000000000000000000000000000000000000000000
00000000000000000000000000000000000000000000000000000000000000000000000000000000
00000000000000000000000000000000000000000000000000000000000000000000000000000000
00000000000000000000000000000000000000000000000000000000000000000000000000000000
00000000000000000000000000000000000000000000000000000100000000000000000000000000
00000000000000000000000000000000000000000000000000001010000000000000000000000000
00000000000000000000000000000000000100000000000000000100000000000000000000000000
00000000000010000000000000000000001010000000000000000000000000000000010000000000
00000000000101000000000000000000000100000000000000000000000000000000101000000000
00000000000010000000000000000000000000000000000000000000000000000000010000000000
00000000000000000000000000000000000000000000000000000000000000000000000000000000
00000000000000000000000000000000000000000000000000000000000000000000000000000000